54  	13	4
540
780  780  780 780

h0	106.579937	29.556851	0	0	0	1440 
h1	106.586381	29.543289	0	0	0	1440
h2	106.570575	29.571163	0	0	0	1440
h3	106.586413	29.537538	0	0	0	1440
h4	106.566101	29.539709	0	0	0	1440
h5	106.532387	29.630209	0	0	0	1440
h6	106.440842	29.542834	0	0	0	1440
h7	106.374569	29.599635	0	0	0	1440
h8	106.549446	29.55513		0	0	0	1440
h9	106.507119	29.594805	0	0	0	1440
h10	106.566472	29.67708		0	0	0	1440
h11	106.573218	29.575785	0	0	0	1440
h12	106.570699	29.524017	0	0	0	1440
h13	106.519865	29.610293	0	0	0	1440
h14	106.531344	29.578865	0	0	0	1440
c14	106.579297	29.56206		99	120	1140	1380
c15	106.581435	29.556197	99	60	600	1140
c16	106.499191	29.553953	99	120	540	1020
c17	106.492125	29.736049	97	240	540	1020
c18	106.468593	29.701349	96	240	540	1020
c19	106.604652	29.61017		96	240	540	1020
c20	106.708056	29.650424	94	180	540	1020
c21	106.49871	29.622927	94	180	540	1020
c22	106.467314	29.616572	94	180	540	1020
c23	106.508191	29.567681	93	120	540	1020
c24	106.604249	29.534642	93	180	0	1440
c25	106.601886	29.52026		92	120	540	1020
c26	106.585829	29.579734	92	60	0	1440
c27	106.424235	29.571842	91	180	540	1020
c28	106.505736	29.504051	91	180	540	1020
c29	106.550474	29.561973	91	180	540	1020
c30	106.539862	29.55103		90	60	0	1440
c31	106.536235	29.549688	90	120	0	1440
c32	106.577052	29.557259	90	60	0	1440
c33	106.575482	29.553371	90	120	540	1020
c34	106.611721	29.714786	89	60	0	1440
c35	106.515285	29.550471	89	240	540	1320
c36	106.47065	29.497569	88	120	0	1440
c37	106.551556	29.563009	88	120	540	1020
c38	106.454464	29.49094		87	180	540	1020
c39	106.433214	29.576093	86	120	540	1020
c40	106.405117	29.588836	86	120	540	1020
c41	106.390324	29.499149	86	60	540	1020
c42	106.474435	29.547117	85	180	540	1020
c43	106.44234	29.572187	85	60	540	1020
c44	106.488585	29.566926	85	120	540	1020
c45	106.511897	29.550889	84	120	0	1440
c46	106.540842	29.530179	83	60	540	1320
c47	106.554365	29.54949		83	60	540	1320
c48	106.572252	29.548094	83	60	540	1320
c49	106.526985	29.547615	83	60	540	1320
c50	106.554565	29.588209	82	60	540	1320
c51	106.497224	29.563123	82	120	540	1320
c52	106.550912	29.678873	82	180	540	1320
